              precision    recall  f1-score   support

           0     0.5893    0.6513    0.6188       152
           1     0.6246    0.6542    0.6391       295
           2     0.5995    0.6044    0.6019       364
           3     0.7161    0.7191    0.7176      1182
           4     0.7832    0.7665    0.7748      1786
           5     0.7922    0.7937    0.7929      1018
           6     0.7570    0.7500    0.7535       216

    accuracy                         0.7383      5013
   macro avg     0.6945    0.7056    0.6998      5013
weighted avg     0.7395    0.7383    0.7388      5013
