              precision    recall  f1-score   support

           0     0.8760    0.9496    0.9113       119
           1     0.9111    0.7455    0.8200        55
           2     0.6667    0.7742    0.7164        31
           3     0.7600    0.6333    0.6909        30
           4     0.6250    0.5000    0.5556        10
           5     0.6111    0.6471    0.6286        17
           6     0.6667    0.5714    0.6154        14
           7     0.5556    0.8333    0.6667         6

    accuracy                         0.8014       282
   macro avg     0.7090    0.7068    0.7006       282
weighted avg     0.8054    0.8014    0.7991       282
